{"autoClear":true,"clearColor":[0,0,0],"ambientColor":[0,0,0],"gravity":[0,-9.81,0],
"materials":[{"name":"map.Material","id":"map.Material","ambient":[0.8,0.8,0.8],"diffuse":[0.64,0.64,0.64],"specular":[0.5,0.5,0.5],"emissive":[0,0,0],"specularPower":50,"alpha":1,"backFaceCulling":true, "diffuseTexture":{"name":"protector_bot.png","level":1,"hasAlpha":1,"coordinatesMode":0,"uOffset":0,"vOffset":0,"uScale":1,"vScale":1,"uAng":0,"vAng":0,"wAng":0,"wrapU":1,"wrapV":1,"coordinatesIndex":0}, "emissiveTexture":{"name":"protector_bot.png","level":1,"hasAlpha":1,"coordinatesMode":0,"uOffset":0,"vOffset":0,"uScale":1,"vScale":1,"uAng":0,"vAng":0,"wAng":0,"wrapU":1,"wrapV":1,"coordinatesIndex":0}},{"name":"map.Material.001","id":"map.Material.001","ambient":[0.8,0.8,0.8],"diffuse":[0.8,0.8,0.8],"specular":[0,0,0],"emissive":[0,0,0],"specularPower":50,"alpha":1,"backFaceCulling":true, "diffuseTexture":{"name":"protector_bot.png","level":1,"hasAlpha":0,"coordinatesMode":0,"uOffset":0,"vOffset":0,"uScale":1,"vScale":1,"uAng":0,"vAng":0,"wAng":0,"wrapU":0,"wrapV":0,"coordinatesIndex":0}, "emissiveTexture":{"name":"protector_bot.png","level":1,"hasAlpha":0,"coordinatesMode":0,"uOffset":0,"vOffset":0,"uScale":1,"vScale":1,"uAng":0,"vAng":0,"wAng":0,"wrapU":0,"wrapV":0,"coordinatesIndex":0}}],
"multiMaterials":[],
"skeletons":[{"name":"Armature","id":0,"bones":[
{"name":"Root","index":0,"matrix":[1,0,0,0,0,0,-1,0,0,-1,0,0,0,0,0,1],"parentBoneIndex":-1,"animation":{"dataType":3,"framePerSecond":24,"keys":[{"frame":2,"values":[1,0,0,0,0,0,-1,0,0,-1,0,0,0,0,0,1]},{"frame":50,"values":[1,0,0,0,0,0,-1,0,0,-1,0,0,0,0,0,1]}],"loopBehavior":1,"name":"anim","property":"_matrix"}},
{"name":"IK_leg_R","index":1,"matrix":[1,0,0,0,0,-0.6886,0.7252,0,0,-0.7252,-0.6886,0,-0.4771,-0.0652,-0.2407,1],"parentBoneIndex":0,"animation":{"dataType":3,"framePerSecond":24,"keys":[{"frame":2,"values":[1,0,0,0,0,-0.6886,0.7252,0,0,-0.7252,-0.6886,0,-0.4771,-0.0652,-0.2407,1]},{"frame":50,"values":[1,0,0,0,0,-0.6886,0.7252,0,0,-0.7252,-0.6886,0,-0.4771,-0.0652,-0.2407,1]}],"loopBehavior":1,"name":"anim","property":"_matrix"}},
{"name":"knee_R","index":2,"matrix":[-1,0,0,0,0,-0.6775,-0.7355,0,0,-0.7355,0.6775,0,0,-0.8158,-0.1606,1],"parentBoneIndex":1,"animation":{"dataType":3,"framePerSecond":24,"keys":[{"frame":2,"values":[-1,0,0,0,0,-0.6775,-0.7355,0,0,-0.7355,0.6775,0,0,-0.8158,-0.1606,1]},{"frame":50,"values":[-1,0,0,0,0,-0.6775,-0.7355,0,0,-0.7355,0.6775,0,0,-0.8158,-0.1606,1]}],"loopBehavior":1,"name":"anim","property":"_matrix"}},
{"name":"IK_leg_L","index":3,"matrix":[1,0,0,0,0,-0.6886,0.7252,0,0,-0.7252,-0.6886,0,0.494,-0.0652,-0.2407,1],"parentBoneIndex":0,"animation":{"dataType":3,"framePerSecond":24,"keys":[{"frame":2,"values":[1,0,0,0,0,-0.6886,0.7252,0,0,-0.7252,-0.6886,0,0.494,-0.0652,-0.2407,1]},{"frame":50,"values":[1,0,0,0,0,-0.6886,0.7252,0,0,-0.7252,-0.6886,0,0.494,-0.0652,-0.2407,1]}],"loopBehavior":1,"name":"anim","property":"_matrix"}},
{"name":"knee_L","index":4,"matrix":[-1,0,0,0,0,-0.6775,-0.7355,0,0,-0.7355,0.6775,0,0,-0.8158,-0.1606,1],"parentBoneIndex":3,"animation":{"dataType":3,"framePerSecond":24,"keys":[{"frame":2,"values":[-1,0,0,0,0,-0.6775,-0.7355,0,0,-0.7355,0.6775,0,0,-0.8158,-0.1606,1]},{"frame":50,"values":[-1,0,0,0,0,-0.6775,-0.7355,0,0,-0.7355,0.6775,0,0,-0.8158,-0.1606,1]}],"loopBehavior":1,"name":"anim","property":"_matrix"}},
{"name":"pelvis","index":5,"matrix":[1,0,0,0,0,-0.1284,-0.9917,0,0,0.9917,-0.1284,0,0.0085,0,-1.6104,1],"parentBoneIndex":0,"animation":{"dataType":3,"framePerSecond":24,"keys":[{"frame":2,"values":[1,0,0,0,0,-0.1284,-0.9917,0,0,0.9917,-0.1284,0,0.0085,0,-1.6104,1]},{"frame":50,"values":[1,0,0,0,0,-0.1284,-0.9917,0,0,0.9917,-0.1284,0,0.0085,0,-1.6104,1]}],"loopBehavior":1,"name":"anim","property":"_matrix"}},
{"name":"torso","index":6,"matrix":[1,0,0,0,0,0.9999,0.0129,0,0,-0.0129,0.9999,0,0,0.5925,0,1],"parentBoneIndex":5,"animation":{"dataType":3,"framePerSecond":24,"keys":[{"frame":2,"values":[1,0,0,0,0,0.9999,0.0129,0,0,-0.0129,0.9999,0,0,0.5925,0,1]},{"frame":50,"values":[1,0,0,0,0,0.9999,0.0129,0,0,-0.0129,0.9999,0,0,0.5925,0,1]}],"loopBehavior":1,"name":"anim","property":"_matrix"}},
{"name":"neck","index":7,"matrix":[1,0,0,0,0,0.7996,0.6006,0,0,-0.6006,0.7996,0,0,0.6581,0,1],"parentBoneIndex":6,"animation":{"dataType":3,"framePerSecond":24,"keys":[{"frame":2,"values":[1,0,0,0,0,0.7996,0.6006,0,0,-0.6006,0.7996,0,0,0.6581,0,1]},{"frame":50,"values":[1,0,0,0,0,0.7996,0.6006,0,0,-0.6006,0.7996,0,0,0.6581,0,1]}],"loopBehavior":1,"name":"anim","property":"_matrix"}},
{"name":"head","index":8,"matrix":[1,0.0048,-0.0016,0,-0.005,0.9419,-0.3359,0,-0.0001,0.3359,0.9419,0,0,0.1509,0,1],"parentBoneIndex":7,"animation":{"dataType":3,"framePerSecond":24,"keys":[{"frame":2,"values":[1,0.0048,-0.0016,0,-0.005,0.9419,-0.3359,0,-0.0001,0.3359,0.9419,0,0,0.1509,0,1]},{"frame":50,"values":[1,0.0048,-0.0016,0,-0.005,0.9419,-0.3359,0,-0.0001,0.3359,0.9419,0,0,0.1509,0,1]}],"loopBehavior":1,"name":"anim","property":"_matrix"}},
{"name":"arm_top_L","index":9,"matrix":[-0.0435,-0.0634,0.997,0,0.6521,-0.7579,-0.0197,0,0.7569,0.6493,0.0743,0,0.7132,0.4526,-0.013,1],"parentBoneIndex":6,"animation":{"dataType":3,"framePerSecond":24,"keys":[{"frame":2,"values":[-0.0435,-0.0634,0.997,0,0.6521,-0.7579,-0.0197,0,0.7569,0.6493,0.0743,0,0.7132,0.4526,-0.013,1]},{"frame":50,"values":[-0.0435,-0.0634,0.997,0,0.6521,-0.7579,-0.0197,0,0.7569,0.6493,0.0743,0,0.7132,0.4526,-0.013,1]}],"loopBehavior":1,"name":"anim","property":"_matrix"}},
{"name":"arm_bottom_L","index":10,"matrix":[0.9994,0.0345,0.0011,0,-0.0345,0.9992,-0.0191,0,-0.0018,0.0191,0.9998,0,0,0.8367,0,1],"parentBoneIndex":9,"animation":{"dataType":3,"framePerSecond":24,"keys":[{"frame":2,"values":[0.9994,0.0345,0.0011,0,-0.0345,0.9992,-0.0191,0,-0.0018,0.0191,0.9998,0,0,0.8367,0,1]},{"frame":50,"values":[0.9994,0.0345,0.0011,0,-0.0345,0.9992,-0.0191,0,-0.0018,0.0191,0.9998,0,0,0.8367,0,1]}],"loopBehavior":1,"name":"anim","property":"_matrix"}},
{"name":"wrist_L","index":11,"matrix":[0.9934,0.1107,0.0302,0,-0.1147,0.9565,0.2683,0,0.0008,-0.27,0.9629,0,0,0.5708,0,1],"parentBoneIndex":10,"animation":{"dataType":3,"framePerSecond":24,"keys":[{"frame":2,"values":[0.9934,0.1107,0.0302,0,-0.1147,0.9565,0.2683,0,0.0008,-0.27,0.9629,0,0,0.5708,0,1]},{"frame":50,"values":[0.9934,0.1107,0.0302,0,-0.1147,0.9565,0.2683,0,0.0008,-0.27,0.9629,0,0,0.5708,0,1]}],"loopBehavior":1,"name":"anim","property":"_matrix"}},
{"name":"hand_top_L","index":12,"matrix":[0.9858,-0.1638,-0.0355,0,0.1562,0.9747,-0.1601,0,0.0608,0.1523,0.9865,0,0,0.3494,0,1],"parentBoneIndex":11,"animation":{"dataType":3,"framePerSecond":24,"keys":[{"frame":2,"values":[0.9858,-0.1638,-0.0355,0,0.1562,0.9747,-0.1601,0,0.0608,0.1523,0.9865,0,0,0.3494,0,1]},{"frame":50,"values":[0.9858,-0.1638,-0.0355,0,0.1562,0.9747,-0.1601,0,0.0608,0.1523,0.9865,0,0,0.3494,0,1]}],"loopBehavior":1,"name":"anim","property":"_matrix"}},
{"name":"hand_bottom_L","index":13,"matrix":[0.9912,-0.1213,-0.0537,0,0.1095,0.9766,-0.185,0,0.0749,0.1775,0.9813,0,0,0.1474,0,1],"parentBoneIndex":12,"animation":{"dataType":3,"framePerSecond":24,"keys":[{"frame":2,"values":[0.9912,-0.1213,-0.0537,0,0.1095,0.9766,-0.185,0,0.0749,0.1775,0.9813,0,0,0.1474,0,1]},{"frame":50,"values":[0.9912,-0.1213,-0.0537,0,0.1095,0.9766,-0.185,0,0.0749,0.1775,0.9813,0,0,0.1474,0,1]}],"loopBehavior":1,"name":"anim","property":"_matrix"}},
{"name":"finger_01_L","index":14,"matrix":[-0.6265,-0.0192,-0.7791,0,0.3203,0.905,-0.2799,0,0.7105,-0.425,-0.5609,0,0.2513,0.0512,-0.0185,1],"parentBoneIndex":11,"animation":{"dataType":3,"framePerSecond":24,"keys":[{"frame":2,"values":[-0.6265,-0.0192,-0.7791,0,0.3203,0.905,-0.2799,0,0.7105,-0.425,-0.5609,0,0.2513,0.0512,-0.0185,1]},{"frame":50,"values":[-0.6265,-0.0192,-0.7791,0,0.3203,0.905,-0.2799,0,0.7105,-0.425,-0.5609,0,0.2513,0.0512,-0.0185,1]}],"loopBehavior":1,"name":"anim","property":"_matrix"}},
{"name":"arm_top_R","index":15,"matrix":[-0.0435,0.0634,-0.997,0,-0.6521,-0.7579,-0.0197,0,-0.7569,0.6493,0.0743,0,-0.7132,0.4526,-0.013,1],"parentBoneIndex":6,"animation":{"dataType":3,"framePerSecond":24,"keys":[{"frame":2,"values":[-0.0435,0.0634,-0.997,0,-0.6521,-0.7579,-0.0197,0,-0.7569,0.6493,0.0743,0,-0.7132,0.4526,-0.013,1]},{"frame":50,"values":[-0.0435,0.0634,-0.997,0,-0.6521,-0.7579,-0.0197,0,-0.7569,0.6493,0.0743,0,-0.7132,0.4526,-0.013,1]}],"loopBehavior":1,"name":"anim","property":"_matrix"}},
{"name":"arm_bottom_R","index":16,"matrix":[0.9994,-0.0345,-0.0011,0,0.0345,0.9992,-0.0191,0,0.0018,0.0191,0.9998,0,0,0.8367,0,1],"parentBoneIndex":15,"animation":{"dataType":3,"framePerSecond":24,"keys":[{"frame":2,"values":[0.9994,-0.0345,-0.0011,0,0.0345,0.9992,-0.0191,0,0.0018,0.0191,0.9998,0,0,0.8367,0,1]},{"frame":50,"values":[0.9994,-0.0345,-0.0011,0,0.0345,0.9992,-0.0191,0,0.0018,0.0191,0.9998,0,0,0.8367,0,1]}],"loopBehavior":1,"name":"anim","property":"_matrix"}},
{"name":"wrist_R","index":17,"matrix":[0.9934,-0.1107,-0.0302,0,0.1147,0.9565,0.2683,0,-0.0008,-0.27,0.9629,0,0,0.5708,0,1],"parentBoneIndex":16,"animation":{"dataType":3,"framePerSecond":24,"keys":[{"frame":2,"values":[0.9934,-0.1107,-0.0302,0,0.1147,0.9565,0.2683,0,-0.0008,-0.27,0.9629,0,0,0.5708,0,1]},{"frame":50,"values":[0.9934,-0.1107,-0.0302,0,0.1147,0.9565,0.2683,0,-0.0008,-0.27,0.9629,0,0,0.5708,0,1]}],"loopBehavior":1,"name":"anim","property":"_matrix"}},
{"name":"hand_top_R","index":18,"matrix":[0.9858,0.1638,0.0355,0,-0.1562,0.9747,-0.1601,0,-0.0608,0.1523,0.9865,0,0,0.3494,0,1],"parentBoneIndex":17,"animation":{"dataType":3,"framePerSecond":24,"keys":[{"frame":2,"values":[0.9858,0.1638,0.0355,0,-0.1562,0.9747,-0.1601,0,-0.0608,0.1523,0.9865,0,0,0.3494,0,1]},{"frame":50,"values":[0.9858,0.1638,0.0355,0,-0.1562,0.9747,-0.1601,0,-0.0608,0.1523,0.9865,0,0,0.3494,0,1]}],"loopBehavior":1,"name":"anim","property":"_matrix"}},
{"name":"hand_bottom_R","index":19,"matrix":[0.9912,0.1213,0.0537,0,-0.1095,0.9766,-0.185,0,-0.0749,0.1775,0.9813,0,0,0.1474,0,1],"parentBoneIndex":18,"animation":{"dataType":3,"framePerSecond":24,"keys":[{"frame":2,"values":[0.9912,0.1213,0.0537,0,-0.1095,0.9766,-0.185,0,-0.0749,0.1775,0.9813,0,0,0.1474,0,1]},{"frame":50,"values":[0.9912,0.1213,0.0537,0,-0.1095,0.9766,-0.185,0,-0.0749,0.1775,0.9813,0,0,0.1474,0,1]}],"loopBehavior":1,"name":"anim","property":"_matrix"}},
{"name":"finger_01_R","index":20,"matrix":[-0.6265,0.0192,0.7791,0,-0.3203,0.905,-0.2799,0,-0.7105,-0.425,-0.5609,0,-0.2513,0.0512,-0.0185,1],"parentBoneIndex":17,"animation":{"dataType":3,"framePerSecond":24,"keys":[{"frame":2,"values":[-0.6265,0.0192,0.7791,0,-0.3203,0.905,-0.2799,0,-0.7105,-0.425,-0.5609,0,-0.2513,0.0512,-0.0185,1]},{"frame":50,"values":[-0.6265,0.0192,0.7791,0,-0.3203,0.905,-0.2799,0,-0.7105,-0.425,-0.5609,0,-0.2513,0.0512,-0.0185,1]}],"loopBehavior":1,"name":"anim","property":"_matrix"}},
{"name":"leg_top_L","index":21,"matrix":[-0.9955,-0.0937,-0.0114,0,0.092,-0.99,0.1068,0,-0.0213,0.1053,0.9942,0,0.4348,0.0156,-0.0638,1],"parentBoneIndex":5,"animation":{"dataType":3,"framePerSecond":24,"keys":[{"frame":2,"values":[-0.9955,-0.0937,-0.0114,0,0.092,-0.99,0.1068,0,-0.0213,0.1053,0.9942,0,0.4348,0.0156,-0.0638,1]},{"frame":50,"values":[-0.9955,-0.0937,-0.0114,0,0.092,-0.99,0.1068,0,-0.0213,0.1053,0.9942,0,0.4348,0.0156,-0.0638,1]}],"loopBehavior":1,"name":"anim","property":"_matrix"}},
{"name":"leg_bottom_L","index":22,"matrix":[0.0491,0.5977,0.8002,0,0.1482,0.7879,-0.5977,0,-0.9877,0.148,-0.0499,0,0,0.915,0,1],"parentBoneIndex":21,"animation":{"dataType":3,"framePerSecond":24,"keys":[{"frame":2,"values":[0.0491,0.5977,0.8002,0,0.1482,0.7879,-0.5977,0,-0.9877,0.148,-0.0499,0,0,0.915,0,1]},{"frame":50,"values":[0.0491,0.5977,0.8002,0,0.1482,0.7879,-0.5977,0,-0.9877,0.148,-0.0499,0,0,0.915,0,1]}],"loopBehavior":1,"name":"anim","property":"_matrix"}},
{"name":"foot_L","index":23,"matrix":[0.0109,0.0624,-0.998,0,0.9574,-0.2887,-0.0075,0,-0.2886,-0.9554,-0.0629,0,0,0.5365,0,1],"parentBoneIndex":22,"animation":{"dataType":3,"framePerSecond":24,"keys":[{"frame":2,"values":[0.0109,0.0624,-0.998,0,0.9574,-0.2887,-0.0075,0,-0.2886,-0.9554,-0.0629,0,0,0.5365,0,1]},{"frame":50,"values":[0.0109,0.0624,-0.998,0,0.9574,-0.2887,-0.0075,0,-0.2886,-0.9554,-0.0629,0,0,0.5365,0,1]}],"loopBehavior":1,"name":"anim","property":"_matrix"}},
{"name":"leg_top_R","index":24,"matrix":[-0.9955,0.0937,0.0114,0,-0.092,-0.99,0.1068,0,0.0213,0.1053,0.9942,0,-0.4348,0.0156,-0.0638,1],"parentBoneIndex":5,"animation":{"dataType":3,"framePerSecond":24,"keys":[{"frame":2,"values":[-0.9955,0.0937,0.0114,0,-0.092,-0.99,0.1068,0,0.0213,0.1053,0.9942,0,-0.4348,0.0156,-0.0638,1]},{"frame":50,"values":[-0.9955,0.0937,0.0114,0,-0.092,-0.99,0.1068,0,0.0213,0.1053,0.9942,0,-0.4348,0.0156,-0.0638,1]}],"loopBehavior":1,"name":"anim","property":"_matrix"}},
{"name":"leg_bottom_R","index":25,"matrix":[0.0491,-0.5977,-0.8002,0,-0.1482,0.7879,-0.5977,0,0.9877,0.148,-0.0499,0,0,0.915,0,1],"parentBoneIndex":24,"animation":{"dataType":3,"framePerSecond":24,"keys":[{"frame":2,"values":[0.0491,-0.5977,-0.8002,0,-0.1482,0.7879,-0.5977,0,0.9877,0.148,-0.0499,0,0,0.915,0,1]},{"frame":50,"values":[0.0491,-0.5977,-0.8002,0,-0.1482,0.7879,-0.5977,0,0.9877,0.148,-0.0499,0,0,0.915,0,1]}],"loopBehavior":1,"name":"anim","property":"_matrix"}},
{"name":"foot_R","index":26,"matrix":[0.0109,-0.0624,0.998,0,-0.9574,-0.2887,-0.0075,0,0.2886,-0.9554,-0.0629,0,0,0.5365,0,1],"parentBoneIndex":25,"animation":{"dataType":3,"framePerSecond":24,"keys":[{"frame":2,"values":[0.0109,-0.0624,0.998,0,-0.9574,-0.2887,-0.0075,0,0.2886,-0.9554,-0.0629,0,0,0.5365,0,1]},{"frame":50,"values":[0.0109,-0.0624,0.998,0,-0.9574,-0.2887,-0.0075,0,0.2886,-0.9554,-0.0629,0,0,0.5365,0,1]}],"loopBehavior":1,"name":"anim","property":"_matrix"}}]}],
"meshes":[{"name":"SpaceCowboy","id":"SpaceCowboy","billboardMode":0,"position":[0,0,0],"rotation":[0,0,0],"scaling":[1.7975,1.7975,1.7975],"isVisible":true,"isEnabled":true,"useFlatShading":false,"checkCollisions":false,"receiveShadows":false,"skeletonId":0
,"positions":[0,2.1072,0.1657,0.1226,2.1072,0.1136,0.2124,1.9803,0.2056,0.1226,2.1072,0.1136,0.1734,2.1072,-0.012,0.3003,1.9803,-0.012,0.3003,1.6335,-0.012,0.2124,1.6335,-0.2296,0.1226,1.5066,-0.1376,0.3468,1.8069,-0.012,0.2452,1.8069,-0.2633,0.2124,1.6335,-0.2296,0.3468,1.8069,-0.012,0.3003,1.9803,-0.012,0.2124,1.9803,-0.2296,0.3003,1.9803,-0.012,0.1734,2.1072,-0.012,0.1226,2.1072,-0.1376,0.2124,1.6335,-0.2296,0,1.6335,-0.3197,0,1.5066,-0.1897,0.2452,1.8069,-0.2633,0,1.8069,-0.3673,0,1.6335,-0.3197,0.2452,1.8069,-0.2633,0.2124,1.9803,-0.2296,0,1.9803,-0.3197,0.2124,1.9803,-0.2296,0.1226,2.1072,-0.1376,0,2.1072,-0.1897,0,2.1072,0.1657,0,2.1537,-0.012,0.1226,2.1072,0.1136,0.1226,2.1072,0.1136,0,2.1537,-0.012,0.1734,2.1072,-0.012,0.1734,2.1072,-0.012,0,2.1537,-0.012,0.1226,2.1072,-0.1376,0.1226,2.1072,-0.1376,0,2.1537,-0.012,0,2.1072,-0.1897,0.0047,1.6411,0.0734,0.0047,1.6644,0.1287,0.0783,1.6691,0.0868,0.0424,1.6458,0.0503,0.0783,1.6691,0.0868,0.1107,1.6691,0.0015,0.1107,1.6691,0.0015,0.0783,1.6691,-0.0768,0.0424,1.6458,-0.0409,0.1447,1.7039,0.0015,0.1023,1.7039,-0.1008,0.0783,1.6691,-0.0768,0.0783,1.6691,-0.0768,0.0047,1.6691,-0.1092,0.0047,1.6458,-0.0584,0.1023,1.7039,-0.1008,0.0047,1.7039,-0.1432,0.0047,1.6691,-0.1092,0.0047,1.7039,-0.1432,0.1023,1.7039,-0.1008,0.1056,1.7418,-0.1041,0.1023,1.7039,-0.1008,0.1447,1.7039,0.0015,0.1493,1.7418,0.0015,0.1056,1.7418,-0.1041,0.0968,1.8801,-0.0953,0.0047,1.8801,-0.1035,0.1493,1.7418,0.0015,0.1369,1.8801,0.0015,0.0968,1.8801,-0.0953,0.0047,1.8801,-0.1035,0.0968,1.8801,-0.0953,0.0968,1.9179,-0.0953,0.0968,1.8801,-0.0953,0.1369,1.8801,0.0015,0.1369,1.9179,0.0015,0.9329,0.9003,0.1543,1.1011,0.7393,0.1431,1.0531,0.6893,0.1386,0.974,0.8168,-0.1527,1.0154,0.757,-0.1783,1.0437,0.7545,-0.1105,0.8624,0.8365,0.1523,1.0531,0.6893,0.1386,1.0531,0.6893,0.0121,1.1011,0.7393,0.1431,0.9329,0.9003,0.1543,0.9955,0.9572,0.017,1.1065,0.7449,0.0121,0.9955,0.9572,0.017,1.0157,0.8319,-0.0575,1.0531,0.6893,-0.0575,0.9358,0.7486,-0.0575,1.0531,0.6893,0.0121,1.0531,0.6893,-0.0575,1.0531,0.6893,0.0121,1.1296,0.6334,0.0077,1.1065,0.7449,-0.0575,1.0531,0.6893,-0.0575,1.1278,0.6352,-0.0618,1.1065,0.7449,-0.0575,1.1696,0.6788,-0.0618,1.1714,0.6771,0.0077,1.2259,0.6036,-0.0652,1.167,0.5893,-0.064,1.1688,0.5875,0.0056,1.1278,0.6352,-0.0618,1.1296,0.6334,0.0077,1.1688,0.5875,0.0056,1.1696,0.6788,-0.0618,1.1278,0.6352,-0.0618,1.167,0.5893,-0.064,1.1714,0.6771,0.0077,1.1696,0.6788,-0.0618,1.2259,0.6036,-0.0652,1.1011,0.7393,0.1431,1.1562,0.6799,0.1368,1.1162,0.6382,0.131,1.1162,0.6382,0.131,1.1562,0.6799,0.1368,1.19,0.6305,0.1261,1.19,0.6305,0.1261,1.2204,0.6076,0.0806,1.1573,0.5953,0.0753,1.0531,0.6893,-0.0575,1.0022,0.7112,-0.0948,0.9358,0.7486,-0.0575,0.9322,0.9001,-0.1047,0.8723,0.8514,-0.0528,0.9224,0.763,-0.1333,0.8723,0.8514,-0.0528,0.9358,0.7486,-0.0575,0.9224,0.763,-0.1333,1.0154,0.757,-0.1783,1.106,0.669,-0.1817,1.0931,0.7027,-0.1228,0.9224,0.763,-0.1333,0.9358,0.7486,-0.0575,1.0022,0.7112,-0.0948,0.974,0.8168,-0.1527,0.9224,0.763,-0.1333,0.9739,0.7137,-0.1627,1.0157,0.8319,-0.0575,1.0437,0.7545,-0.1105,1.1065,0.7449,-0.0575,1.0516,0.6594,-0.1071,1.0931,0.7027,-0.1228,1.106,0.669,-0.1817,0.9739,0.7137,-0.1627,1.0022,0.7112,-0.0948,1.0516,0.6594,-0.1071,0.9739,0.7137,-0.1627,1.0645,0.6257,-0.1661,1.106,0.669,-0.1817,1.0437,0.7545,-0.1105,1.0931,0.7027,-0.1228,1.0516,0.6594,-0.1071,1.0157,0.8319,-0.0575,0.9322,0.9001,-0.1047,0.974,0.8168,-0.1527,1.0531,0.6893,-0.0575,1.1065,0.7449,-0.0575,1.0437,0.7545,-0.1105,0.8723,0.8514,-0.0528,0.8179,0.7954,0.017,0.9358,0.7486,-0.0575,1.0531,0.6893,0.0121,0.9358,0.7486,-0.0575,0.8179,0.7954,0.017,0.3158,1.0044,0.008,0.1797,1.0093,-0.1526,0.2399,0.822,-0.1442,0.3158,1.0044,0.008,0.3868,0.8203,0.008,0.266,0.8412,0.2508,0.1797,1.0093,-0.1526,0.0047,1.0048,-0.1635,0.0047,0.8201,-0.1494,0.2399,0.822,-0.1442,0.0047,0.8201,-0.1494,0.0047,0.7124,-0.0881,0.4139,0.6025,0.0049,0.2847,0.5986,-0.1995,0.2848,0.4498,-0.2017,0.4139,0.6025,0.0049,0.4138,0.4416,0.0113,0.3723,0.4818,0.2117,0.1797,1.0093,-0.1526,0.2669,1.2116,-0.1752,0.0047,1.2026,-0.2063,0.2803,1.023,0.2262,0.3591,1.2382,0.2478,0.4233,1.1598,0.0009,0.3158,1.0044,0.008,0.4233,1.1598,0.0009,0.2669,1.2116,-0.1752,0.0047,0.7124,-0.0881,0.0047,0.6559,0.0087,0.136,0.6084,0.001,0.136,0.6084,0.001,0.0047,0.6559,0.0087,0.0047,0.6688,0.1282,0.1568,0.5911,0.2014,0.1865,0.4823,0.2068,0.112,0.4418,0.0058,0.136,0.6084,0.001,0.112,0.4418,0.0058,0.153,0.4604,-0.1761,0.2847,0.5986,-0.1995,0.1515,0.5869,-0.1753,0.153,0.4604,-0.1761,0.2399,0.822,-0.1442,0.1515,0.5869,-0.1753,0.2847,0.5986,-0.1995,0.2399,0.822,-0.1442,0.2847,0.5986,-0.1995,0.4139,0.6025,0.0049,0.3868,0.8203,0.008,0.4139,0.6025,0.0049,0.3623,0.5946,0.2111,0.3623,0.5946,0.2111,0.3723,0.4818,0.2117,0.1865,0.4823,0.2068,0.1568,0.5911,0.2014,0.266,0.8412,0.2508,0.3623,0.5946,0.2111,0.1535,0.3371,-0.1587,0.112,0.3705,0.0099,0.1424,0.1715,0.0047,0.1863,0.3164,0.1999,0.1515,0.1744,0.2283,0.1424,0.1715,0.0047,0.2858,0.3901,-0.1917,0.2848,0.3304,-0.181,0.413,0.3651,0.015,0.2858,0.3901,-0.1917,0.1499,0.3988,-0.1676,0.1535,0.3371,-0.1587,0.3729,0.3146,0.1994,0.4182,0.4034,0.0132,0.413,0.3651,0.015,0.3363,0.0015,-0.1572,0.3969,0.0015,0.003,0.3974,0.0015,-0.1245,0.1424,0.1715,0.0047,0.1515,0.1744,0.2283,0.1474,0.0015,0.2266,0.2848,0.3304,-0.181,0.2833,0.1715,-0.17,0.3992,0.1715,0.0087,0.1863,0.3164,0.1999,0.3729,0.3146,0.1994,0.3978,0.175,0.2074,0.2848,0.3304,-0.181,0.1535,0.3371,-0.1587,0.161,0.1715,-0.1572,0.3729,0.3146,0.1994,0.413,0.3651,0.015,0.3992,0.1715,0.0087,0.3978,0.0015,0.2059,0.3969,0.0015,0.003,0.1466,0.0015,-0.0006,0.1515,0.1744,0.2283,0.3978,0.175,0.2074,0.3978,0.0015,0.2059,0.3969,0.0015,0.003,0.3992,0.1715,0.0087,0.3974,0.1098,-0.1252,0.3992,0.1715,0.0087,0.3969,0.0015,0.003,0.3978,0.0015,0.2059,0.1425,0.1088,-0.1371,0.1425,0.0015,-0.1349,0.1595,0.0015,-0.2795,0.3974,0.1098,-0.1252,0.288,0.1081,-0.2914,0.288,0.0015,-0.2899,0.1597,0.1084,-0.2813,0.1595,0.0015,-0.2795,0.288,0.0015,-0.2899,0.161,0.1715,-0.1572,0.1424,0.1715,0.0047,0.1425,0.1088,-0.1371,0.2833,0.1715,-0.17,0.288,0.1081,-0.2914,0.3974,0.1098,-0.1252,0.2833,0.1715,-0.17,0.161,0.1715,-0.1572,0.1597,0.1084,-0.2813,0.1466,0.0015,-0.0006,0.1425,0.0015,-0.1349,0.1425,0.1088,-0.1371,0.297,1.3387,-0.1794,0.2961,1.4926,-0.1787,0.0047,1.4355,-0.2902,0.3992,1.341,-0.152,0.391,1.5158,0,0.2961,1.4926,-0.1787,0.2377,1.7031,0.433,0.3452,1.5877,0.5221,0.0047,1.5495,0.5366,0.2669,1.2116,-0.1752,0.4233,1.1598,0.0009,0.3992,1.341,-0.152,0.2669,1.2116,-0.1752,0.297,1.3387,-0.1794,0.0047,1.3372,-0.3064,0.0047,1.4355,-0.2902,0.2961,1.4926,-0.1787,0.1935,1.5799,-0.2161,0.2961,1.4926,-0.1787,0.391,1.5158,0,0.3447,1.6607,0.0229,0.3992,1.341,-0.152,0.5424,1.3301,-0.158,0.609,1.4287,0,0.3992,1.341,-0.152,0.4233,1.1598,0.0009,0.4746,1.228,-0.1174,0.609,1.4287,0,0.7759,1.2543,0.0004,0.7053,1.1718,0.184,0.4746,1.228,-0.1174,0.4233,1.1598,0.0009,0.5398,1.0609,0.0005,0.5424,1.3301,-0.158,0.6842,1.1817,-0.1579,0.7759,1.2543,0.0004,0.2528,1.3385,0.3768,0.275,1.4806,0.2623,0.3591,1.2382,0.2478,0.4558,1.3397,0.2341,0.7053,1.1718,0.184,0.6071,1.0888,0.176,0.4233,1.1598,0.0009,0.3591,1.2382,0.2478,0.6071,1.0888,0.176,0.5956,1.1015,-0.1144,0.6807,0.9893,-0.1222,0.7743,1.0744,-0.158,0.3723,0.4818,0.2117,0.3729,0.3146,0.1994,0.1863,0.3164,0.1999,0.6189,0.9434,-0.0006,0.6486,1.0318,0.1745,0.69,0.9749,0.1815,0.6486,1.0318,0.1745,0.7508,1.1182,0.1803,0.7963,1.0646,0.1803,0.69,0.9749,0.1815,0.8624,0.8365,0.1523,0.8179,0.7954,0.017,0.6486,1.0318,0.1745,0.6189,0.9434,-0.0006,0.5398,1.0609,0.0005,0.4138,0.4416,0.0113,0.4182,0.4034,0.0132,0.3723,0.4818,0.2117,0.2848,0.4498,-0.2017,0.153,0.4604,-0.1761,0.1499,0.3988,-0.1676,0.4138,0.4416,0.0113,0.2848,0.4498,-0.2017,0.2858,0.3901,-0.1917,0.4182,0.4034,0.0132,0.3729,0.3146,0.1994,0.3723,0.4818,0.2117,0.6189,0.9434,-0.0006,0.6807,0.9893,-0.1222,0.5956,1.1015,-0.1144,0.87,1.155,-0.0006,0.7743,1.0744,-0.158,0.9322,0.9001,-0.1047,0.7743,1.0744,-0.158,0.87,1.155,-0.0006,0.8212,1.2058,-0.0001,0.7508,1.1182,0.1803,0.8212,1.2058,-0.0001,0.87,1.155,-0.0006,0.7759,1.2543,0.0004,0.6842,1.1817,-0.1579,0.8212,1.2058,-0.0001,0.6071,1.0888,0.176,0.7053,1.1718,0.184,0.7508,1.1182,0.1803,0.6071,1.0888,0.176,0.6486,1.0318,0.1745,0.5398,1.0609,0.0005,0.7743,1.0744,-0.158,0.8212,1.2058,-0.0001,0.6842,1.1817,-0.1579,0.6189,0.9434,-0.0006,0.8179,0.7954,0.017,0.8723,0.8514,-0.0528,0.391,1.5158,0,0.609,1.4287,0,0.4558,1.3397,0.2341,0.7963,1.0646,0.1803,0.87,1.155,-0.0006,0.9955,0.9572,0.017,0.0047,0.8118,0.2642,0.266,0.8412,0.2508,0.1568,0.5911,0.2014,0.4746,1.228,-0.1174,0.5956,1.1015,-0.1144,0.6842,1.1817,-0.1579,0.7743,1.0744,-0.158,0.6807,0.9893,-0.1222,0.8723,0.8514,-0.0528,0.7963,1.0646,0.1803,0.9329,0.9003,0.1543,0.8624,0.8365,0.1523,0.7053,1.1718,0.184,0.7759,1.2543,0.0004,0.8212,1.2058,-0.0001,0.0424,1.6458,-0.0409,0.0047,1.6458,-0.0584,0.0047,1.5637,-0.0603,0.0599,1.6458,0.0027,0.0424,1.6458,-0.0409,0.0596,1.5637,-0.0407,0.0424,1.6458,0.0503,0.0599,1.6458,0.0027,0.0772,1.5637,0.0075,0.0047,1.6411,0.0734,0.0424,1.6458,0.0503,0.0596,1.5637,0.0597,0.0596,1.5637,-0.0407,0.0047,1.5637,-0.0603,0.0047,1.5305,-0.2621,0.0047,1.4723,0.3907,0.275,1.4806,0.2623,0.2377,1.7031,0.433,0.4558,1.3397,0.2341,0.3591,1.2382,0.2478,0.275,1.4806,0.2623,0.0047,1.3002,0.3912,0.2528,1.3385,0.3768,0.256,1.027,0.475,0.3591,1.2382,0.2478,0.2803,1.023,0.2262,0.256,1.027,0.475,0.275,1.4806,0.2623,0.2528,1.3385,0.3768,0.3452,1.5877,0.5221,0.0047,1.559,0.0858,0.0596,1.5637,0.0597,0.2255,1.7784,0.2489,0.2528,1.3385,0.3768,0.0047,1.3002,0.3912,0.0047,1.5495,0.5366,0.266,0.8412,0.2508,0.0047,0.8118,0.2642,0.0047,1.0347,0.2553,0.256,1.027,0.475,0.2803,1.023,0.2262,0.0047,1.0347,0.2553,-0.2029,1.6335,0.2056,-0.2908,1.6335,-0.012,-0.3373,1.8069,-0.012,-0.3373,1.8069,-0.012,-0.2908,1.9803,-0.012,-0.2029,1.9803,0.2056,-0.2908,1.9803,-0.012,-0.1639,2.1072,-0.012,-0.1131,2.1072,0.1136,-0.1131,1.5066,-0.1376,-0.2029,1.6335,-0.2296,-0.2908,1.6335,-0.012,-0.2029,1.6335,-0.2296,-0.2357,1.8069,-0.2633,-0.3373,1.8069,-0.012,-0.3373,1.8069,-0.012,-0.2357,1.8069,-0.2633,-0.2029,1.9803,-0.2296,-0.2908,1.9803,-0.012,-0.2029,1.9803,-0.2296,-0.1131,2.1072,-0.1376,0.0047,1.6411,0.0734,-0.0329,1.6458,0.0503,-0.0688,1.6691,0.0868,-0.0329,1.6458,0.0503,-0.0505,1.6458,0.0027,-0.1013,1.6691,0.0015,-0.0329,1.6458,-0.0409,-0.0688,1.6691,-0.0768,-0.1013,1.6691,0.0015,-0.0688,1.6691,-0.0768,-0.0928,1.7039,-0.1008,-0.1352,1.7039,0.0015,0.0047,1.6458,-0.0584,0.0047,1.6691,-0.1092,-0.0688,1.6691,-0.0768,0.0047,1.6691,-0.1092,0.0047,1.7039,-0.1432,-0.0928,1.7039,-0.1008,0.0047,1.7039,-0.1432,0.0047,1.7418,-0.1478,-0.0961,1.7418,-0.1041,-0.0928,1.7039,-0.1008,-0.0961,1.7418,-0.1041,-0.1398,1.7418,0.0015,0.0047,1.8801,-0.1035,-0.0873,1.8801,-0.0953,-0.0961,1.7418,-0.1041,-0.0873,1.8801,-0.0953,-0.1274,1.8801,0.0015,-0.1398,1.7418,0.0015,0.0047,1.8801,-0.1035,0.0047,1.9179,-0.1354,-0.0873,1.9179,-0.0953,-0.0873,1.8801,-0.0953,-0.0873,1.9179,-0.0953,-0.1274,1.9179,0.0015,-0.9235,0.9003,0.1543,-0.8529,0.8365,0.1523,-1.0437,0.6893,0.1386,-1.0342,0.7545,-0.1105,-1.006,0.757,-0.1783,-0.9645,0.8168,-0.1527,-1.0437,0.6893,0.0121,-1.0437,0.6893,0.1386,-0.8529,0.8365,0.1523,-0.986,0.9572,0.017,-0.9235,0.9003,0.1543,-1.0916,0.7393,0.1431,-1.097,0.7449,0.0121,-1.0062,0.8319,-0.0575,-0.986,0.9572,0.017,-1.0437,0.6893,-0.0575,-1.0437,0.6893,0.0121,-0.9264,0.7486,-0.0575,-1.0437,0.6893,-0.0575,-1.1183,0.6352,-0.0618,-1.1201,0.6334,0.0077,-1.097,0.7449,-0.0575,-1.1601,0.6788,-0.0618,-1.1183,0.6352,-0.0618,-1.1619,0.6771,0.0077,-1.1601,0.6788,-0.0618,-1.097,0.7449,-0.0575,-1.1594,0.5875,0.0056,-1.1576,0.5893,-0.064,-1.2164,0.6036,-0.0652,-1.1183,0.6352,-0.0618,-1.1576,0.5893,-0.064,-1.1594,0.5875,0.0056,-1.1601,0.6788,-0.0618,-1.2164,0.6036,-0.0652,-1.1576,0.5893,-0.064,-1.1619,0.6771,0.0077,-1.2182,0.6019,0.0044,-1.2164,0.6036,-0.0652,-1.1068,0.6382,0.131,-1.1467,0.6799,0.1368,-1.0916,0.7393,0.1431,-1.1068,0.6382,0.131,-1.1351,0.6012,0.1208,-1.1805,0.6305,0.1261,-1.1805,0.6305,0.1261,-1.1351,0.6012,0.1208,-1.1478,0.5953,0.0753,-1.0437,0.6893,-0.0575,-0.9264,0.7486,-0.0575,-0.9927,0.7112,-0.0948,-0.9129,0.763,-0.1333,-0.8628,0.8514,-0.0528,-0.9227,0.9001,-0.1047,-0.8628,0.8514,-0.0528,-0.9129,0.763,-0.1333,-0.9264,0.7486,-0.0575,-1.0836,0.7027,-0.1228,-1.0965,0.669,-0.1817,-1.006,0.757,-0.1783,-0.9129,0.763,-0.1333,-0.9645,0.7137,-0.1627,-0.9927,0.7112,-0.0948,-0.9645,0.8168,-0.1527,-1.006,0.757,-0.1783,-0.9645,0.7137,-0.1627,-1.0062,0.8319,-0.0575,-1.097,0.7449,-0.0575,-1.0342,0.7545,-0.1105,-1.055,0.6257,-0.1661,-1.0965,0.669,-0.1817,-1.0836,0.7027,-0.1228,-0.9645,0.7137,-0.1627,-1.055,0.6257,-0.1661,-1.0421,0.6594,-0.1071,-1.006,0.757,-0.1783,-1.0965,0.669,-0.1817,-1.055,0.6257,-0.1661,-0.9927,0.7112,-0.0948,-1.0421,0.6594,-0.1071,-1.0836,0.7027,-0.1228,-1.0062,0.8319,-0.0575,-0.9645,0.8168,-0.1527,-0.9227,0.9001,-0.1047,-1.0437,0.6893,-0.0575,-0.9927,0.7112,-0.0948,-1.0342,0.7545,-0.1105,-0.8628,0.8514,-0.0528,-0.9264,0.7486,-0.0575,-0.8085,0.7954,0.017,-1.0437,0.6893,0.0121,-0.8085,0.7954,0.017,-0.9264,0.7486,-0.0575,-0.3063,1.0044,0.008,-0.3773,0.8203,0.008,-0.2304,0.822,-0.1442,-0.2565,0.8412,0.2508,-0.3773,0.8203,0.008,-0.3063,1.0044,0.008,-0.1702,1.0093,-0.1526,-0.2304,0.822,-0.1442,0.0047,0.8201,-0.1494,-0.2304,0.822,-0.1442,-0.142,0.5869,-0.1753,0.0047,0.7124,-0.0881,-0.4044,0.6025,0.0049,-0.4044,0.4416,0.0113,-0.2753,0.4498,-0.2017,-0.3628,0.4818,0.2117,-0.4044,0.4416,0.0113,-0.4044,0.6025,0.0049,0.0047,1.2026,-0.2063,-0.2575,1.2116,-0.1752,-0.1702,1.0093,-0.1526,-0.4138,1.1598,0.0009,-0.3496,1.2382,0.2478,-0.2708,1.023,0.2262,-0.2575,1.2116,-0.1752,-0.4138,1.1598,0.0009,-0.3063,1.0044,0.008,-0.1266,0.6084,0.001,0.0047,0.6559,0.0087,0.0047,0.7124,-0.0881,-0.1266,0.6084,0.001,-0.1474,0.5911,0.2014,0.0047,0.6688,0.1282,-0.1025,0.4418,0.0058,-0.177,0.4823,0.2068,-0.1474,0.5911,0.2014,-0.1436,0.4604,-0.1761,-0.1025,0.4418,0.0058,-0.1266,0.6084,0.001,-0.2753,0.5986,-0.1995,-0.2753,0.4498,-0.2017,-0.1436,0.4604,-0.1761,-0.2304,0.822,-0.1442,-0.2753,0.5986,-0.1995,-0.142,0.5869,-0.1753,-0.4044,0.6025,0.0049,-0.2753,0.5986,-0.1995,-0.2304,0.822,-0.1442,-0.3529,0.5946,0.2111,-0.4044,0.6025,0.0049,-0.3773,0.8203,0.008,-0.177,0.4823,0.2068,-0.3628,0.4818,0.2117,-0.3529,0.5946,0.2111,-0.1474,0.5911,0.2014,-0.3529,0.5946,0.2111,-0.2565,0.8412,0.2508,-0.144,0.3371,-0.1587,-0.1515,0.1715,-0.1572,-0.133,0.1715,0.0047,-0.133,0.1715,0.0047,-0.142,0.1744,0.2283,-0.1768,0.3164,0.1999,-0.4035,0.3651,0.015,-0.2753,0.3304,-0.181,-0.2764,0.3901,-0.1917,-0.2764,0.3901,-0.1917,-0.2753,0.3304,-0.181,-0.144,0.3371,-0.1587,-0.3634,0.3146,0.1994,-0.4035,0.3651,0.015,-0.4087,0.4034,0.0132,-0.3268,0.0015,-0.1572,-0.2786,0.0015,-0.2899,-0.3879,0.0015,-0.1245,-0.133,0.1715,0.0047,-0.1372,0.0015,-0.0006,-0.1379,0.0015,0.2266,-0.3897,0.1715,0.0087,-0.2738,0.1715,-0.17,-0.2753,0.3304,-0.181,-0.1768,0.3164,0.1999,-0.142,0.1744,0.2283,-0.3883,0.175,0.2074,-0.2753,0.3304,-0.181,-0.2738,0.1715,-0.17,-0.1515,0.1715,-0.1572,-0.3634,0.3146,0.1994,-0.3883,0.175,0.2074,-0.3897,0.1715,0.0087,-0.3883,0.0015,0.2059,-0.1379,0.0015,0.2266,-0.1372,0.0015,-0.0006,-0.1372,0.0015,-0.0006,-0.1583,0.0015,-0.1476,-0.3268,0.0015,-0.1572,-0.142,0.1744,0.2283,-0.1379,0.0015,0.2266,-0.3883,0.0015,0.2059,-0.3874,0.0015,0.003,-0.3879,0.0015,-0.1245,-0.3879,0.1098,-0.1252,-0.3883,0.0015,0.2059,-0.3874,0.0015,0.003,-0.3897,0.1715,0.0087,-0.3879,0.1098,-0.1252,-0.3879,0.0015,-0.1245,-0.2786,0.0015,-0.2899,-0.2786,0.0015,-0.2899,-0.15,0.0015,-0.2795,-0.1503,0.1084,-0.2813,-0.1583,0.0015,-0.1476,-0.15,0.0015,-0.2795,-0.2786,0.0015,-0.2899,-0.1515,0.1715,-0.1572,-0.1503,0.1084,-0.2813,-0.133,0.1088,-0.1371,-0.3879,0.1098,-0.1252,-0.2785,0.1081,-0.2914,-0.2738,0.1715,-0.17,-0.2738,0.1715,-0.17,-0.2785,0.1081,-0.2914,-0.1503,0.1084,-0.2813,0.0047,1.4355,-0.2902,-0.2867,1.4926,-0.1787,-0.2876,1.3387,-0.1794,-0.2867,1.4926,-0.1787,-0.3816,1.5158,0,-0.3897,1.341,-0.152,-0.2282,1.7031,0.433,0.0047,1.7117,0.4378,0.0047,1.5495,0.5366,-0.2575,1.2116,-0.1752,-0.2876,1.3387,-0.1794,-0.3897,1.341,-0.152,0.0047,1.3372,-0.3064,-0.2876,1.3387,-0.1794,-0.2575,1.2116,-0.1752,0.0047,1.4355,-0.2902,0.0047,1.5305,-0.2621,-0.184,1.5799,-0.2161,-0.2867,1.4926,-0.1787,-0.184,1.5799,-0.2161,-0.3352,1.6607,0.0229,-0.5996,1.4287,0,-0.5329,1.3301,-0.158,-0.3897,1.341,-0.152,-0.3897,1.341,-0.152,-0.5329,1.3301,-0.158,-0.4651,1.228,-0.1174,-0.6959,1.1718,0.184,-0.7665,1.2543,0.0004,-0.5996,1.4287,0,-0.4651,1.228,-0.1174,-0.5862,1.1015,-0.1144,-0.5303,1.0609,0.0005,-0.7665,1.2543,0.0004,-0.6747,1.1817,-0.1579,-0.5329,1.3301,-0.158,-0.2433,1.3385,0.3768,-0.3496,1.2382,0.2478,-0.2655,1.4806,0.2623,-0.5976,1.0888,0.176,-0.6959,1.1718,0.184,-0.4463,1.3397,0.2341,-0.4138,1.1598,0.0009,-0.5303,1.0609,0.0005,-0.5976,1.0888,0.176,-0.5862,1.1015,-0.1144,-0.6747,1.1817,-0.1579,-0.7649,1.0744,-0.158,-0.1768,0.3164,0.1999,-0.3634,0.3146,0.1994,-0.3628,0.4818,0.2117,-0.6094,0.9434,-0.0006,-0.6806,0.9749,0.1815,-0.6391,1.0318,0.1745,-0.6391,1.0318,0.1745,-0.6806,0.9749,0.1815,-0.7868,1.0646,0.1803,-0.8085,0.7954,0.017,-0.8529,0.8365,0.1523,-0.6806,0.9749,0.1815,-0.6391,1.0318,0.1745,-0.5303,1.0609,0.0005,-0.6094,0.9434,-0.0006,-0.4044,0.4416,0.0113,-0.3628,0.4818,0.2117,-0.4087,0.4034,0.0132,-0.2753,0.4498,-0.2017,-0.2764,0.3901,-0.1917,-0.1404,0.3988,-0.1676,-0.4044,0.4416,0.0113,-0.4087,0.4034,0.0132,-0.2764,0.3901,-0.1917,-0.4087,0.4034,0.0132,-0.3628,0.4818,0.2117,-0.3634,0.3146,0.1994,-0.5862,1.1015,-0.1144,-0.6712,0.9893,-0.1222,-0.6094,0.9434,-0.0006,-0.8605,1.155,-0.0006,-0.986,0.9572,0.017,-0.9227,0.9001,-0.1047,-0.7649,1.0744,-0.158,-0.8117,1.2058,-0.0001,-0.8605,1.155,-0.0006,-0.7413,1.1182,0.1803,-0.7868,1.0646,0.1803,-0.8605,1.155,-0.0006,-0.7665,1.2543,0.0004,-0.8117,1.2058,-0.0001,-0.6747,1.1817,-0.1579,-0.5976,1.0888,0.176,-0.6391,1.0318,0.1745,-0.7413,1.1182,0.1803,-0.5976,1.0888,0.176,-0.5303,1.0609,0.0005,-0.6391,1.0318,0.1745,-0.7649,1.0744,-0.158,-0.6747,1.1817,-0.1579,-0.8117,1.2058,-0.0001,-0.8628,0.8514,-0.0528,-0.8085,0.7954,0.017,-0.6094,0.9434,-0.0006,-0.4463,1.3397,0.2341,-0.5996,1.4287,0,-0.3816,1.5158,0,-0.7868,1.0646,0.1803,-0.9235,0.9003,0.1543,-0.986,0.9572,0.017,-0.1474,0.5911,0.2014,-0.2565,0.8412,0.2508,0.0047,0.8118,0.2642,-0.6747,1.1817,-0.1579,-0.5862,1.1015,-0.1144,-0.4651,1.228,-0.1174,-0.7649,1.0744,-0.158,-0.9227,0.9001,-0.1047,-0.8628,0.8514,-0.0528,-0.8529,0.8365,0.1523,-0.9235,0.9003,0.1543,-0.7868,1.0646,0.1803,-0.6959,1.1718,0.184,-0.7413,1.1182,0.1803,-0.8117,1.2058,-0.0001,-0.0329,1.6458,-0.0409,-0.0501,1.5637,-0.0407,0.0047,1.5637,-0.0603,-0.0505,1.6458,0.0027,-0.0677,1.5637,0.0075,-0.0501,1.5637,-0.0407,-0.0329,1.6458,0.0503,-0.0501,1.5637,0.0597,-0.0677,1.5637,0.0075,0.0047,1.6411,0.0734,0.0047,1.559,0.0858,-0.0501,1.5637,0.0597,-0.0501,1.5637,-0.0407,-0.184,1.5799,-0.2161,0.0047,1.5305,-0.2621,0.0047,1.4723,0.3907,0.0047,1.7117,0.4378,-0.2282,1.7031,0.433,-0.4463,1.3397,0.2341,-0.2655,1.4806,0.2623,-0.3496,1.2382,0.2478,0.0047,1.3002,0.3912,0.0047,1.0302,0.4895,-0.2465,1.027,0.475,-0.3496,1.2382,0.2478,-0.2433,1.3385,0.3768,-0.2465,1.027,0.475,-0.2655,1.4806,0.2623,-0.2282,1.7031,0.433,-0.3357,1.5877,0.5221,-0.2386,1.7863,0.2721,-0.3352,1.6607,0.0229,-0.2908,1.6335,-0.012,-0.2433,1.3385,0.3768,-0.3357,1.5877,0.5221,0.0047,1.5495,0.5366,-0.2565,0.8412,0.2508,-0.2708,1.023,0.2262,0.0047,1.0347,0.2553,-0.2465,1.027,0.475,0.0047,1.0302,0.4895,0.0047,1.0347,0.2553,-0.2386,1.7863,0.2721,0.0047,1.7901,0.3329,0.0047,1.4723,0.3907,-0.3352,1.6607,0.0229,-0.2386,1.7863,0.2721,-0.2655,1.4806,0.2623,0,1.6335,0.2958,0.0047,1.7901,0.3329,0.2255,1.7784,0.2489,0,1.9803,0.2958,0.2124,1.9803,0.2056,0.2255,1.7784,0.2489,0.2124,1.6335,0.2056,0.2255,1.7784,0.2489,0.3468,1.8069,-0.012,0.2124,1.9803,0.2056,0.3003,1.9803,-0.012,0.3468,1.8069,-0.012,1.1065,0.7449,0.0121,1.1714,0.6771,0.0077,1.1562,0.6799,0.1368,1.0531,0.6893,0.0121,1.0531,0.6893,0.1386,1.1162,0.6382,0.131,1.2204,0.6076,0.0806,1.2277,0.6019,0.0044,1.1688,0.5875,0.0056,1.19,0.6305,0.1261,1.1714,0.6771,0.0077,1.2204,0.6076,0.0806,1.1296,0.6334,0.0077,1.1162,0.6382,0.131,1.1573,0.5953,0.0753,0.1499,0.3988,-0.1676,0.112,0.3705,0.0099,0.1535,0.3371,-0.1587,0.1865,0.4823,0.2068,0.1863,0.3164,0.1999,0.112,0.3705,0.0099,0.3363,0.0015,-0.1572,0.1425,0.0015,-0.1349,0.1466,0.0015,-0.0006,0.1425,0.0015,-0.1349,0.3363,0.0015,-0.1572,0.288,0.0015,-0.2899,0.275,1.4806,0.2623,0.2255,1.7784,0.2489,0.3447,1.6607,0.0229,0.0047,1.4723,0.3907,0.0047,1.7901,0.3329,0.2255,1.7784,0.2489,0.112,0.4418,0.0058,0.1865,0.4823,0.2068,0.112,0.3705,0.0099,0.112,0.4418,0.0058,0.112,0.3705,0.0099,0.1499,0.3988,-0.1676,0.2255,1.7784,0.2489,0.3003,1.6335,-0.012,0.3447,1.6607,0.0229,0.0596,1.5637,-0.0407,0.1935,1.5799,-0.2161,0.3003,1.6335,-0.012,0.0596,1.5637,0.0597,0.0772,1.5637,0.0075,0.3003,1.6335,-0.012,0,1.6335,0.2958,-0.2029,1.6335,0.2056,-0.2386,1.7863,0.2721,-0.2386,1.7863,0.2721,-0.2029,1.9803,0.2056,0,1.9803,0.2958,-0.2029,1.9803,0.2056,-0.1131,2.1072,0.1136,0,2.1072,0.1657,0,1.5066,-0.1897,0,1.6335,-0.3197,-0.2029,1.6335,-0.2296,0,1.6335,-0.3197,0,1.8069,-0.3673,-0.2357,1.8069,-0.2633,-0.2357,1.8069,-0.2633,0,1.8069,-0.3673,0,1.9803,-0.3197,-0.2029,1.9803,-0.2296,0,1.9803,-0.3197,0,2.1072,-0.1897,0,2.1072,0.1657,-0.1131,2.1072,0.1136,0,2.1537,-0.012,-0.1131,2.1072,0.1136,-0.1639,2.1072,-0.012,0,2.1537,-0.012,-0.1639,2.1072,-0.012,-0.1131,2.1072,-0.1376,0,2.1537,-0.012,-0.1131,2.1072,-0.1376,0,2.1072,-0.1897,0,2.1537,-0.012,-1.1467,0.6799,0.1368,-1.1619,0.6771,0.0077,-1.097,0.7449,0.0121,-1.0437,0.6893,0.0121,-1.1201,0.6334,0.0077,-1.1068,0.6382,0.131,-1.2109,0.6076,0.0806,-1.1478,0.5953,0.0753,-1.1594,0.5875,0.0056,-1.1619,0.6771,0.0077,-1.1805,0.6305,0.1261,-1.2109,0.6076,0.0806,-1.1201,0.6334,0.0077,-1.1594,0.5875,0.0056,-1.1478,0.5953,0.0753,-0.1404,0.3988,-0.1676,-0.144,0.3371,-0.1587,-0.1025,0.3705,0.0099,-0.177,0.4823,0.2068,-0.1025,0.3705,0.0099,-0.1768,0.3164,0.1999,-0.1503,0.1084,-0.2813,-0.15,0.0015,-0.2795,-0.1583,0.0015,-0.1476,-0.133,0.1088,-0.1371,-0.1583,0.0015,-0.1476,-0.1372,0.0015,-0.0006,-0.1025,0.4418,0.0058,-0.1025,0.3705,0.0099,-0.177,0.4823,0.2068,-0.1404,0.3988,-0.1676,-0.1025,0.3705,0.0099,-0.1025,0.4418,0.0058,-0.0501,1.5637,-0.0407,-0.2908,1.6335,-0.012,-0.184,1.5799,-0.2161,-0.0501,1.5637,0.0597,-0.2386,1.7863,0.2721,-0.2908,1.6335,-0.012,0.0047,1.7901,0.3329,-0.2386,1.7863,0.2721,-0.0501,1.5637,0.0597,-0.2101,1.9021,0.0105,-0.1424,1.9074,0.1546,-0.1525,1.8263,0.152,-0.1677,1.9809,0.0163,-0.1138,1.9775,0.1272,-0.1424,1.9074,0.1546,-0.0929,2.0325,0.0205,-0.0659,2.0276,0.0805,-0.1138,1.9775,0.1272,-0.1525,1.8263,0.152,-0.1424,1.9074,0.1546,-0.0007,1.8957,0.2036,-0.1424,1.9074,0.1546,-0.1138,1.9775,0.1272,-0.0058,1.9732,0.1719,-0.1138,1.9775,0.1272,-0.0659,2.0276,0.0805,-0.0066,2.0253,0.1054,-0.0007,1.8957,0.2036,0.1283,1.9084,0.1546,0.1397,1.8255,0.1538,-0.0007,1.8957,0.2036,-0.0058,1.9732,0.1719,0.097,1.9785,0.1273,-0.0066,2.0253,0.1054,0.0518,2.028,0.0806,0.097,1.9785,0.1273,0.1397,1.8255,0.1538,0.1283,1.9084,0.1546,0.1953,1.9148,0.0095,0.1283,1.9084,0.1546,0.097,1.9785,0.1273,0.1516,1.9934,0.0165,0.097,1.9785,0.1273,0.0518,2.028,0.0806,0.0815,2.0348,0.0206,0.2066,1.9372,-0.0706,0.1375,1.9469,-0.1353,0.145,1.8667,-0.1553,0.134,2.0026,-0.039,0.1088,2.0055,-0.0946,0.1375,1.9469,-0.1353,0.134,2.0026,-0.039,0.0815,2.0348,0.0206,0.0587,2.0406,-0.0394,0.145,1.8667,-0.1553,0.1375,1.9469,-0.1353,-0.0122,1.9481,-0.2341,0.1375,1.9469,-0.1353,0.1088,2.0055,-0.0946,-0.0055,2.0058,-0.1453,0.1088,2.0055,-0.0946,0.0587,2.0406,-0.0394,-0.0034,2.0419,-0.0644,-0.0122,1.9481,-0.2341,-0.1422,1.9354,-0.1359,-0.1516,1.8585,-0.1547,-0.0055,2.0058,-0.1453,-0.1137,1.9987,-0.095,-0.1422,1.9354,-0.1359,-0.0034,2.0419,-0.0644,-0.0658,2.039,-0.0396,-0.1137,1.9987,-0.095,-0.0929,2.0325,0.0205,-0.0052,2.0492,0.022,-0.0659,2.0276,0.0805,-0.0659,2.0276,0.0805,-0.0052,2.0492,0.022,-0.0066,2.0253,0.1054,-0.0066,2.0253,0.1054,-0.0052,2.0492,0.022,0.0518,2.028,0.0806,0.0518,2.028,0.0806,-0.0052,2.0492,0.022,0.0815,2.0348,0.0206,0.0815,2.0348,0.0206,-0.0052,2.0492,0.022,0.0587,2.0406,-0.0394,0.0587,2.0406,-0.0394,-0.0052,2.0492,0.022,-0.0034,2.0419,-0.0644,-0.0034,2.0419,-0.0644,-0.0052,2.0492,0.022,-0.0658,2.039,-0.0396,-0.1516,1.8585,-0.1547,-0.1422,1.9354,-0.1359,-0.2101,1.9021,0.0105,-0.1422,1.9354,-0.1359,-0.1137,1.9987,-0.095,-0.1677,1.9809,0.0163,-0.1137,1.9987,-0.095,-0.0658,2.039,-0.0396,-0.0929,2.0325,0.0205,-0.0658,2.039,-0.0396,-0.0052,2.0492,0.022,-0.0929,2.0325,0.0205,-0.009,1.8819,-0.2564,-0.1516,1.8585,-0.1547,-0.0076,1.7753,-0.1755,0.145,1.8667,-0.1553,-0.009,1.8819,-0.2564,0.0313,1.7958,-0.2386,0.1397,1.8255,0.1538,0.121,1.6683,0.1032,0.002,1.6732,0.1609,0.2055,1.8209,-0.0045,0.169,1.6379,-0.0594,0.121,1.6683,0.1032,0.0313,1.7958,-0.2386,-0.0076,1.7753,-0.1755,0.1162,1.6964,-0.1886,0.1439,1.8121,-0.1759,0.0313,1.7958,-0.2386,0.1162,1.6964,-0.1886,-0.1525,1.8263,0.152,0.0028,1.8111,0.2059,0.002,1.6732,0.1609,-0.2156,1.8148,0.0029,-0.1525,1.8263,0.152,-0.1245,1.6571,0.0771,-0.2156,1.8148,0.0029,-0.1503,1.6205,-0.032,-0.1379,1.6282,-0.0349,0.2134,1.8515,-0.0878,0.145,1.8667,-0.1553,0.1563,1.7843,-0.1601,0.1953,1.9148,0.0095,0.2066,1.9372,-0.0706,0.2134,1.8515,-0.0878,0.2038,1.7733,-0.1297,0.1563,1.7843,-0.1601,0.1751,1.6982,-0.1439,0.1872,1.7589,-0.09,0.2038,1.7733,-0.1297,0.1751,1.6982,-0.1439,0.1516,1.9934,0.0165,0.134,2.0026,-0.039,0.2066,1.9372,-0.0706,0.2134,1.8515,-0.0878,0.2038,1.7733,-0.1297,0.1872,1.7589,-0.09,-0.2156,1.8148,0.0029,-0.1612,1.7155,-0.03,-0.1199,1.7692,-0.1496,-0.1199,1.7692,-0.1496,-0.1612,1.7155,-0.03,-0.0846,1.6921,-0.1357,0.169,1.6379,-0.0594,0.2055,1.8209,-0.0045,0.1828,1.7918,-0.0108,0,1.9803,0.2958,0,2.1072,0.1657,0.2124,1.9803,0.2056,0.2124,1.9803,0.2056,0.1226,2.1072,0.1136,0.3003,1.9803,-0.012,0.1734,1.5066,-0.012,0.3003,1.6335,-0.012,0.1226,1.5066,-0.1376,0.3003,1.6335,-0.012,0.3468,1.8069,-0.012,0.2124,1.6335,-0.2296,0.2452,1.8069,-0.2633,0.3468,1.8069,-0.012,0.2124,1.9803,-0.2296,0.2124,1.9803,-0.2296,0.3003,1.9803,-0.012,0.1226,2.1072,-0.1376,0.1226,1.5066,-0.1376,0.2124,1.6335,-0.2296,0,1.5066,-0.1897,0.2124,1.6335,-0.2296,0.2452,